
strategic_region={
	id=211
	name="STRATEGICREGION_211"
	provinces={
		492 860 913 1445 1453 1503 1528 1559 1582 1587 1615 1643 1646 1758 1987 4402 4444 4452 4464 4507 4510 4522 4535 4565 4567 4594 4597 4622 4625 4650 4756 4988 5059 6696 6974 7422 7464 7480 7485 7524 7543 7547 7552 7555 7586 7599 7615 7640 7668 7791 7797 8014 8083 8110 9727 10192 10281 10355 10410 10449 10477 10520 10586 10615 10657 10727 10753 10798 10824 10909 11509 11717 11942 12313 12328 12398 12401 12429 12458 12489 12501 12568 12637 12670 12709 12735 12778 12803 13219 13240 13242 13244 13246 13247 13248 13250 13251 13252 13254 13256 13259 13308 13309 13311 13314 13318 13319 13320 13323 13327 13329 13333 13335 13336 13341 13342 13347 13348 13349 13350 13353 13354 13356 13359 13361 13364 13365 13366 13396 13397 13398 13399 13400 13401 13402 13403 13406 13407 
	}
	weather={
	}
}
